{
 "cells": [
  {
   "cell_type": "markdown",
   "metadata": {},
   "source": [
    "# Assignment 1: Numpy"
   ]
  },
  {
   "cell_type": "markdown",
   "metadata": {},
   "source": [
    "Perform the follwing tasks:\n"
   ]
  },
  {
   "cell_type": "code",
   "execution_count": 2,
   "metadata": {},
   "outputs": [],
   "source": [
    "#3.1: import the numpy library\n",
    "\n",
    "import numpy as np"
   ]
  },
  {
   "cell_type": "code",
   "execution_count": 3,
   "metadata": {},
   "outputs": [
    {
     "data": {
      "text/plain": [
       "array([[0.9620958 , 0.04470566, 0.06147602, 0.85399597, 0.26358935,\n",
       "        0.38484993, 0.90089912, 0.98066229, 0.4846192 , 0.4924398 ],\n",
       "       [0.19356903, 0.95748728, 0.2852006 , 0.65949823, 0.35251661,\n",
       "        0.72935286, 0.94570794, 0.50055846, 0.15827519, 0.47313483],\n",
       "       [0.64412665, 0.08489237, 0.44193341, 0.56888483, 0.93348617,\n",
       "        0.5261109 , 0.48562045, 0.37369006, 0.91129473, 0.89241377],\n",
       "       [0.59921196, 0.73932607, 0.29197299, 0.91588864, 0.85855867,\n",
       "        0.34425945, 0.48032755, 0.2002888 , 0.01730815, 0.19689719],\n",
       "       [0.19273718, 0.28537347, 0.59035223, 0.31201928, 0.9000957 ,\n",
       "        0.03670496, 0.41722059, 0.61114023, 0.95335451, 0.27285487],\n",
       "       [0.46883746, 0.06179022, 0.09666991, 0.37471843, 0.33445968,\n",
       "        0.42834488, 0.03556406, 0.43149774, 0.57850469, 0.17199527],\n",
       "       [0.0101384 , 0.42274194, 0.04926585, 0.21436793, 0.22530181,\n",
       "        0.41407137, 0.13269875, 0.36806883, 0.74432692, 0.25108108],\n",
       "       [0.65471187, 0.60237155, 0.15852076, 0.1097588 , 0.43882662,\n",
       "        0.96963395, 0.36355222, 0.92758456, 0.97101223, 0.02093017],\n",
       "       [0.84787367, 0.26860747, 0.90058905, 0.82021811, 0.44897727,\n",
       "        0.64681414, 0.01488602, 0.05645653, 0.44649138, 0.72138765],\n",
       "       [0.52806716, 0.39578893, 0.26992498, 0.6666603 , 0.97570145,\n",
       "        0.85407571, 0.91648468, 0.44033572, 0.74060913, 0.41158391]])"
      ]
     },
     "execution_count": 3,
     "metadata": {},
     "output_type": "execute_result"
    }
   ],
   "source": [
    "#3.2: create a random 10x10 array named A\n",
    "\n",
    "A = np.random.rand(10,10);\n",
    "\n",
    "A"
   ]
  },
  {
   "cell_type": "code",
   "execution_count": 5,
   "metadata": {},
   "outputs": [
    {
     "data": {
      "text/plain": [
       "array([[0.9620958 , 0.04470566, 0.06147602, 0.85399597, 0.26358935,\n",
       "        0.38484993, 0.90089912, 0.98066229, 0.4846192 , 0.4924398 ],\n",
       "       [0.64412665, 0.08489237, 0.44193341, 0.56888483, 0.93348617,\n",
       "        0.5261109 , 0.48562045, 0.37369006, 0.91129473, 0.89241377],\n",
       "       [0.19273718, 0.28537347, 0.59035223, 0.31201928, 0.9000957 ,\n",
       "        0.03670496, 0.41722059, 0.61114023, 0.95335451, 0.27285487],\n",
       "       [0.0101384 , 0.42274194, 0.04926585, 0.21436793, 0.22530181,\n",
       "        0.41407137, 0.13269875, 0.36806883, 0.74432692, 0.25108108],\n",
       "       [0.84787367, 0.26860747, 0.90058905, 0.82021811, 0.44897727,\n",
       "        0.64681414, 0.01488602, 0.05645653, 0.44649138, 0.72138765]])"
      ]
     },
     "execution_count": 5,
     "metadata": {},
     "output_type": "execute_result"
    }
   ],
   "source": [
    "#3.3: return only the odd rows of A\n",
    "\n",
    "A[0::2]"
   ]
  },
  {
   "cell_type": "code",
   "execution_count": 7,
   "metadata": {},
   "outputs": [
    {
     "data": {
      "text/plain": [
       "array([[4.12897463, 2.83594977, 3.27008089, 2.50295127, 2.32390103,\n",
       "        1.85303332, 1.39835042, 2.96718642, 2.59123744, 3.51661439],\n",
       "       [2.83594977, 3.52058158, 2.63275063, 2.71532899, 2.00923369,\n",
       "        1.27749232, 1.48992311, 2.6547044 , 2.30343869, 3.36379323],\n",
       "       [3.27008089, 2.63275063, 4.09156194, 2.58095999, 2.98958462,\n",
       "        1.95989618, 1.71865876, 2.95185764, 3.27194853, 3.88425486],\n",
       "       [2.50295127, 2.71532899, 2.58095999, 2.99529402, 1.96306953,\n",
       "        1.28004131, 1.06510245, 2.07637129, 2.4971908 , 3.05242464],\n",
       "       [2.32390103, 2.00923369, 2.98958462, 1.96306953, 2.90687695,\n",
       "        1.47574596, 1.49497862, 2.50648995, 2.11873496, 2.96150989],\n",
       "       [1.85303332, 1.27749232, 1.95989618, 1.28004131, 1.47574596,\n",
       "        1.22043333, 1.00600599, 1.94124955, 1.64301017, 1.96194295],\n",
       "       [1.39835042, 1.48992311, 1.71865876, 1.06510245, 1.49497862,\n",
       "        1.00600599, 1.21955818, 1.91065357, 1.24754467, 1.84064108],\n",
       "       [2.96718642, 2.6547044 , 2.95185764, 2.07637129, 2.50648995,\n",
       "        1.94124955, 1.91065357, 3.8973199 , 2.2803262 , 3.42580263],\n",
       "       [2.59123744, 2.30343869, 3.27194853, 2.4971908 , 2.11873496,\n",
       "        1.64301017, 1.24754467, 2.2803262 , 3.61797088, 3.00053023],\n",
       "       [3.51661439, 3.36379323, 3.88425486, 3.05242464, 2.96150989,\n",
       "        1.96194295, 1.84064108, 3.42580263, 3.00053023, 4.3859808 ]])"
      ]
     },
     "execution_count": 7,
     "metadata": {},
     "output_type": "execute_result"
    }
   ],
   "source": [
    "#3.4: perform a matrix multiplication of A with it's transposed\n",
    "\n",
    "M = np.dot(A,A.T);\n",
    "\n",
    "M\n"
   ]
  },
  {
   "cell_type": "code",
   "execution_count": 10,
   "metadata": {},
   "outputs": [
    {
     "data": {
      "text/plain": [
       "array([[ 1.08835269, -1.97643853,  0.37290251,  1.10079713, -0.72542294,\n",
       "        -3.95985167,  1.07715968,  1.40370741,  0.61945864, -0.04384669],\n",
       "       [ 0.30606292, -0.66370667,  0.27177119,  1.16765661, -0.33577514,\n",
       "        -2.8548164 ,  1.68562099,  0.87681157,  0.16805286, -0.70292663],\n",
       "       [-0.23900722,  0.56346559, -0.90416218, -0.82585343,  1.06282362,\n",
       "         0.24847423, -1.13019307, -0.04643698,  0.93473738,  0.23882735],\n",
       "       [ 0.20707489,  0.14754601, -1.33103276,  0.02037712,  0.17873922,\n",
       "         2.02519495,  0.7390359 , -1.43949017,  0.27274099,  0.63842076],\n",
       "       [-1.07101435,  0.82977574,  1.05128723,  0.30471044,  0.29390534,\n",
       "         2.42442029, -1.83636251, -0.14172595, -1.00908042, -0.40955798],\n",
       "       [-1.02466363,  1.35882851, -0.12455081, -0.96476344, -0.32884863,\n",
       "         3.08379505, -1.56709291, -0.22949238, -0.13371254,  0.52685536],\n",
       "       [ 0.97639166, -0.97179996, -0.62294998, -0.11734956, -0.01666504,\n",
       "        -3.35555856,  0.95444468,  0.26430311,  0.43358222,  1.41342941],\n",
       "       [-0.7591432 ,  2.42520239,  0.55792973, -0.74915192,  0.8401293 ,\n",
       "         4.81438817, -2.73539051, -0.33297131, -1.10206796, -1.68254112],\n",
       "       [ 0.96530232, -2.07230715, -0.81629037,  0.254263  , -0.08730987,\n",
       "        -3.35931291,  2.98875772,  0.22437678,  0.78634517,  1.12435128],\n",
       "       [-0.30308642,  1.07699509,  2.03446783, -0.14168192, -0.45185999,\n",
       "         0.6020396 , -0.43045614, -0.10592893, -0.54294618, -1.52165081]])"
      ]
     },
     "execution_count": 10,
     "metadata": {},
     "output_type": "execute_result"
    }
   ],
   "source": [
    "#3.5: compute the matrix inverse of A\n",
    "\n",
    "A_Inv = np.linalg.inv(A)\n",
    "\n",
    "A_Inv"
   ]
  },
  {
   "cell_type": "code",
   "execution_count": 13,
   "metadata": {},
   "outputs": [
    {
     "data": {
      "text/plain": [
       "array([[0.4810479 , 0.04470566, 0.06147602, 0.42699798, 0.26358935,\n",
       "        0.38484993, 0.45044956, 0.49033115, 0.4846192 , 0.4924398 ],\n",
       "       [0.19356903, 0.47874364, 0.2852006 , 0.32974911, 0.35251661,\n",
       "        0.36467643, 0.47285397, 0.25027923, 0.15827519, 0.47313483],\n",
       "       [0.32206332, 0.08489237, 0.44193341, 0.28444241, 0.46674308,\n",
       "        0.26305545, 0.48562045, 0.37369006, 0.45564737, 0.44620688],\n",
       "       [0.29960598, 0.36966304, 0.29197299, 0.45794432, 0.42927934,\n",
       "        0.34425945, 0.48032755, 0.2002888 , 0.01730815, 0.19689719],\n",
       "       [0.19273718, 0.28537347, 0.29517611, 0.31201928, 0.45004785,\n",
       "        0.03670496, 0.41722059, 0.30557011, 0.47667726, 0.27285487],\n",
       "       [0.46883746, 0.06179022, 0.09666991, 0.37471843, 0.33445968,\n",
       "        0.42834488, 0.03556406, 0.43149774, 0.28925234, 0.17199527],\n",
       "       [0.0101384 , 0.42274194, 0.04926585, 0.21436793, 0.22530181,\n",
       "        0.41407137, 0.13269875, 0.36806883, 0.37216346, 0.25108108],\n",
       "       [0.32735593, 0.30118578, 0.15852076, 0.1097588 , 0.43882662,\n",
       "        0.48481697, 0.36355222, 0.46379228, 0.48550612, 0.02093017],\n",
       "       [0.42393684, 0.26860747, 0.45029453, 0.41010905, 0.44897727,\n",
       "        0.32340707, 0.01488602, 0.05645653, 0.44649138, 0.36069383],\n",
       "       [0.26403358, 0.39578893, 0.26992498, 0.33333015, 0.48785073,\n",
       "        0.42703785, 0.45824234, 0.44033572, 0.37030456, 0.41158391]])"
      ]
     },
     "execution_count": 13,
     "metadata": {},
     "output_type": "execute_result"
    }
   ],
   "source": [
    "#3.6: divide all entries of A which are lager than 0.5 by 2 (hint: use where() )\n",
    "\n",
    "np.where(A > 0.5, A/2, A)"
   ]
  },
  {
   "cell_type": "code",
   "execution_count": null,
   "metadata": {},
   "outputs": [],
   "source": []
  }
 ],
 "metadata": {
  "kernelspec": {
   "display_name": "Python 3",
   "language": "python",
   "name": "python3"
  },
  "language_info": {
   "codemirror_mode": {
    "name": "ipython",
    "version": 3
   },
   "file_extension": ".py",
   "mimetype": "text/x-python",
   "name": "python",
   "nbconvert_exporter": "python",
   "pygments_lexer": "ipython3",
   "version": "3.7.6"
  }
 },
 "nbformat": 4,
 "nbformat_minor": 4
}
